%YAML:1.0
e_vectors: !!opencv-matrix
   rows: 20
   cols: 128
   dt: f
   data: [ -6.02175668e-03, -2.30625980e-02, -2.61680465e-02,
       -1.84279084e-02, 1.38241667e-02, 3.16382758e-02, 1.85606983e-02,
       1.13906553e-02, -8.15153196e-02, -2.00215634e-02, 1.21198036e-02,
       3.56429741e-02, 7.43087828e-02, 3.29479128e-02, -1.40137710e-02,
       -5.65127581e-02, 1.14759713e-01, 4.38921750e-02, -1.25592016e-03,
       -2.90208887e-02, -6.12620302e-02, -3.88293043e-02,
       -2.27504969e-02, 2.58476585e-02, 1.87179409e-02, -1.77319329e-02,
       -2.89343838e-02, -3.20855565e-02, -2.12592189e-03, 7.22239399e-03,
       6.76357420e-03, 1.62953585e-02, -4.89315391e-02, -5.43907285e-04,
       -5.48178237e-03, -8.17210879e-03, 1.73816867e-02, 3.38970609e-02,
       2.96497066e-02, 1.68352835e-02, -2.62394637e-01, -3.73085117e-04,
       9.28298831e-02, 1.84062779e-01, 2.07485512e-01, 5.18388674e-02,
       -8.12990516e-02, -2.17772454e-01, 2.89497793e-01, 1.94787085e-01,
       4.92139496e-02, -5.46257682e-02, -2.21455082e-01, -2.08312854e-01,
       -1.23496726e-01, -6.05715299e-03, 4.36066352e-02, -2.38683783e-02,
       -4.15575057e-02, -2.51451898e-02, 1.72874948e-03, -4.14443377e-04,
       -8.57370626e-03, -1.13824224e-02, -5.16911671e-02, 2.62987819e-02,
       3.71650904e-02, 2.86059845e-02, 1.28627876e-02, -6.61780918e-03,
       -8.34533386e-03, -8.41592811e-03, -2.60711432e-01,
       -2.08186299e-01, -7.13945776e-02, 5.51821031e-02, 2.04246357e-01,
       1.89257517e-01, 8.61345381e-02, -1.22573543e-02, 2.86941141e-01,
       1.01382520e-05, -1.19079620e-01, -2.04394311e-01, -2.25960657e-01,
       -5.06989174e-02, 4.81271110e-02, 1.87781125e-01, 4.03408892e-02,
       -3.34584224e-03, -3.81535897e-03, 5.37027046e-03, 5.97370043e-03,
       -2.90140193e-02, -4.26200330e-02, -3.28613408e-02,
       -1.83713678e-02, 1.66439097e-02, 2.35625450e-02, 2.87438426e-02,
       1.35645391e-02, -8.71590432e-03, -1.95682663e-02, -2.79768892e-02,
       -8.71962011e-02, -5.32141477e-02, -4.95325355e-03, 2.80160364e-02,
       7.29127899e-02, 3.89574505e-02, 6.32660044e-03, -2.27112658e-02,
       1.22951351e-01, 3.20047587e-02, -2.00367309e-02, -4.51743193e-02,
       -6.65777400e-02, -2.94241309e-02, -3.28033743e-03, 4.32294682e-02,
       1.07684480e-02, 2.24878117e-02, 1.78957544e-02, 1.22827617e-02,
       1.03776297e-02, -2.76513156e-02, -2.92403083e-02, -2.83252634e-02,
       5.73869385e-02, -2.92378552e-02, -7.62050375e-02, -4.48381342e-02,
       1.31639810e-02, -4.01113033e-02, -5.57310618e-02, -3.11540682e-02,
       3.74108493e-01, 2.93662809e-02, -1.04150303e-01, -9.40382034e-02,
       -3.44968252e-02, -6.89464658e-02, -8.66455808e-02, 3.25136594e-02,
       2.32928872e-01, -2.02607159e-02, -8.87589231e-02, -1.33823985e-02,
       1.15334496e-01, -4.34988178e-02, -1.08374208e-01, -1.67551935e-02,
       1.49827916e-02, -3.87067012e-02, -4.57305871e-02, 1.38776116e-02,
       9.21903476e-02, -2.12270208e-02, -7.69577846e-02, -7.08018243e-02,
       5.55030368e-02, -5.74256554e-02, -1.17354304e-01, -9.58890542e-02,
       2.55403784e-03, -2.92371418e-02, -4.14442532e-02, -1.99162588e-02,
       1.84765846e-01, -2.76835728e-02, -1.01314761e-01, -1.01873271e-01,
       -2.09815316e-02, -7.22974613e-02, -1.51801199e-01,
       -9.53998268e-02, 1.55085310e-01, -4.21434529e-02, -6.49499893e-02,
       1.16372583e-02, 7.00820684e-02, -1.56687200e-01, -1.97422802e-01,
       -7.88961202e-02, 1.48672676e-02, -4.23347019e-02, -3.71206924e-02,
       2.21814234e-02, 7.19971210e-02, -6.43741637e-02, -9.80319902e-02,
       -7.10869506e-02, 4.29318249e-02, -3.09865456e-02, -5.07760197e-02,
       -3.56235541e-02, -1.65124331e-03, -7.20830858e-02,
       -1.03442453e-01, -5.85459806e-02, 1.75034165e-01, -8.55595395e-02,
       -1.21275842e-01, -4.49861139e-02, -1.12006105e-02,
       -1.04283348e-01, -1.10943660e-01, -4.45139706e-02, 1.39519095e-01,
       -6.81300536e-02, -1.56116411e-01, -1.06637850e-01, 5.98061234e-02,
       -3.73566151e-02, -8.55330899e-02, -5.11172116e-02, 2.19460540e-02,
       -7.70946294e-02, -9.25708488e-02, -4.26237881e-02, 6.26098290e-02,
       -2.26392280e-02, -4.43348326e-02, -2.61903703e-02, 4.18380536e-02,
       -3.55305336e-02, -4.92460094e-02, -2.92889699e-02, 6.98690675e-03,
       -4.40478884e-02, -8.06459114e-02, -4.25321460e-02, 3.14111441e-01,
       1.67033672e-02, -7.53603950e-02, -4.27012555e-02, -5.96530782e-03,
       -8.07245523e-02, -1.03398107e-01, 1.03019653e-02, 2.13117033e-01,
       -6.87152497e-04, -8.80158469e-02, -3.54667641e-02, 9.76280943e-02,
       -3.06853428e-02, -8.66818130e-02, -2.54759192e-02, 2.46422775e-02,
       -5.04539013e-02, -6.49845526e-02, -2.57843155e-02, 7.41877109e-02,
       -1.10667525e-02, -4.73493189e-02, -3.11188195e-02,
       -4.05297466e-02, 1.69540651e-03, 1.86174121e-02, -2.94736996e-02,
       -4.92245853e-02, 2.51894398e-03, 9.99893434e-03, -1.51389847e-02,
       -6.20553605e-02, 1.10926917e-02, 4.71392377e-05, -6.09762110e-02,
       -9.26774442e-02, -6.77560968e-03, 4.45805006e-02, -3.91469290e-03,
       6.87419623e-02, 2.62110736e-02, -1.84184592e-02, -1.04149126e-01,
       -1.92850709e-01, -2.70900428e-02, 6.83169961e-02, 5.82014620e-02,
       -7.79550849e-03, -1.21731563e-02, -2.12966260e-02,
       -9.66266170e-02, -1.00143678e-01, 2.60093976e-02, 6.67055324e-02,
       3.18201371e-02, -7.28740497e-03, 8.02242197e-03, -6.24055648e-03,
       -7.78396353e-02, -1.06679596e-01, 7.44937826e-03, 3.54736298e-02,
       2.09291335e-02, 6.64462820e-02, -1.95097104e-02, -4.58425507e-02,
       -1.60687700e-01, -1.71221763e-01, 3.93129922e-02, 1.52505949e-01,
       1.61525801e-01, 2.48191562e-02, -3.89266796e-02, -8.21622685e-02,
       -2.35302866e-01, -2.65148550e-01, 1.01447485e-01, 2.22166508e-01,
       1.53972715e-01, -3.81180719e-02, -3.68075557e-02, -6.26761168e-02,
       -1.41183123e-01, -1.07043847e-01, 1.05113640e-01, 1.37187824e-01,
       3.70371453e-02, 4.41023111e-02, 9.92352236e-03, -8.68775509e-03,
       -7.11173415e-02, -1.33964285e-01, -2.03016959e-02, 4.25319001e-02,
       4.34598587e-02, 7.83929601e-02, -2.70546898e-02, -8.79124179e-02,
       -1.39607117e-01, -1.92027882e-01, -2.10600942e-02, 7.13732913e-02,
       1.07556686e-01, 1.52463511e-01, 3.89100015e-02, -8.71423259e-02,
       -2.63762593e-01, -1.80990890e-01, 9.58429277e-02, 9.87564325e-02,
       7.84012154e-02, -6.11125268e-02, -2.89214384e-02, -2.33045891e-02,
       -8.16537961e-02, -3.61175574e-02, 1.09916255e-01, 7.22338110e-02,
       -2.35699192e-02, 3.30912806e-02, 6.70081063e-04, -1.99830579e-03,
       -5.01727313e-02, -9.17002037e-02, -2.08007842e-02, 2.05556042e-02,
       4.95473929e-02, 2.00716332e-01, 8.20459872e-02, -1.50790308e-02,
       -6.98855892e-02, -1.40133411e-01, -7.05706403e-02,
       -3.76714463e-03, 7.41891488e-02, 1.54825002e-01, 1.16196662e-01,
       1.09747630e-02, -6.83670416e-02, -1.00693420e-01, -4.10357453e-02,
       -2.93149408e-02, -1.28064165e-02, -4.31760699e-02, 1.24398675e-02,
       2.62176991e-02, 8.80589336e-03, 1.44469356e-02, 2.69861799e-02,
       -1.96134187e-02, -5.41021787e-02, 1.19414013e-02, 1.93616170e-02,
       1.77846123e-02, -1.53628774e-02, -6.89073950e-02, -4.17068601e-02,
       -1.10521968e-02, 6.74193446e-03, 1.97119713e-01, 3.84612195e-02,
       -1.03284158e-02, -5.35817593e-02, -1.22057624e-01,
       -6.88694641e-02, -2.81645544e-02, 7.64599144e-02, 1.64498448e-01,
       -2.08674907e-03, -2.22516898e-02, -1.74789671e-02,
       -8.53246674e-02, -6.80426881e-02, -4.94135963e-03, 9.66202244e-02,
       -2.84410398e-02, -3.67791168e-02, -4.83528525e-03, 4.01721671e-02,
       9.55671910e-03, 1.61613803e-03, 3.00116744e-02, 1.60796996e-02,
       1.94230806e-02, 1.89433433e-02, 3.61634381e-02, -6.51498325e-03,
       -1.03492267e-01, -4.51281965e-02, -2.51197279e-03,
       -8.19175970e-03, 7.30968192e-02, 8.24558511e-02, 5.29486760e-02,
       -2.45000813e-02, -1.79711252e-01, -1.16114438e-01,
